-525 710 -166 357 70 -255 -125 496 -36 -551 -4 351 -542 -230 144 -656 -56 730 904 -566 -768 -363 -348 -478 902 -487 409 -554 334 690 -40 -230 -410 -900 345 -192 874 793 -820 52 -600 -134
487 -436 101 -526 642 172 -205 -10 -206 -997 867 -529 -563 372 966 -870 310 592 760 -629 -785 -491 -467 -366 -937 648 -41 167 -447 272 957 -587 -150 455 869 -303 585 7 76 107 -205 -350 -696 408 740 291 704 -558 -453 -567 -579 483 -285 -743 -677 383 -657 528
525 -83 -153 -264 -732 137 -691 -686 -420 413 -45 344 -60 -212 -50 -135 -962 820 -358 625 122 -631 -279 -21 183 226 663 721 -188 -950 878 -128 292 537 882 -49 189 -98 364 689 679 769 800 -678 -984 525 -668 134 857 -569 107 811 -694 991
54 492 -517 -658 -43 149 957 857 421 -513 948 549 279 -452 737 988 -581 -722 32 720 858 -870 432 182 -189 -273 856 93 648 -106 459 -728 443 157 715 726 414 -513 -971
902 348 76 256 899 -295 -839 -138 57 -383 -590 771 178 495 -578 529 285 560 364 325 -861 703 255 144 -43
-418 -557 -278 -959 -468 679 -41 487 348 78 392 155 -572 191 -258 83 637 -6 567 -960 -774 -933 -844 -278 -809 143 -828 992 -302 909 -918 -422 -411 452 -356 759 -584 915 -842 -947 429
22 -557 694 639 544 299 -898 -232 -999 833 -299 -874 965 -295 388 950 -318 203 703 13 14 930 -733 -333 350 -833
-597 -297 -442 228 -140 412 936 -481 287 -779 487 904 541 -82 558 -573 124 -290 -614 -44 -732 -450 -578 -389 489 -546 -986 -264 -522 -802 252 649 860 -377 -986 -200 -565 743 664 -879 -940 -725 739 -113 386 177 217 -871 733 47 -670 561 287 -943 215 843 105 -671 -420 -475 -191 536 -660 -358 58 620 960 252 531
657 871 -508 810 320 226 543 -780 -260 929 711 846 239 -747 25 -178 -803 680 -448 -613 46 542 -848 -574 864 -90 827 734 -788 164 -317
202 -247 10 -889 934 -149 916 445 758 949 -613 731 -264 -570 683 -131 -191 -435 -685 -987 956 -812 460 -884 173 -536 452 222 -181 -461 -988 439 -775 595 997 663 -688 390 -429 -665 -55
904 -439 157 -684 928 -343 373 369 21 902 991 367 -867 -829 -2 294 -535 -561 252 -830 348 296 429 -255 323 -765 -226 -747 -91 -27 197 -796 -500 565 473 -598 -98 -229 -349 599 -989 242 735 700 364 522 -826 -68 -533 663 -957 -890 43 -251 -651 -630 670 177 585 -636 -734 -231 373 -774 -462 -926
544 -859 868 -280 -416 323 -610 -977 275 341 -896 594 842 953 959 161 0 806 152 353 -59 321 -552 84 777 -358 421 922 -368 875 642 558 -275 221 531 -283 753 -760 862 -666 75 -931 906 145 -500 850
-377 -748 542 927 274 -797 785 712 266 964 -955 -320 967 -725 -130 9 -727 -53 -18 506 -130 -900 -717 525 166 526 93 54 -412 -558 275 125 354 -113 720 -923
975 187 -454 -733 -353 852 -511 -429 -788 81 -991 670 500 685 833 526 985 895 74 -417 -127 417 745 399 -127 -512 360 904 -140 -896 -459 -532 -899 -725 -611 980 -605 716 448 -544 -621 254 85 -719 292 784 98 -640 -393 911 -540 -64 476 -802 925 845 801 -404 780 399 -322 340 358 -380 -893
-89 -305 -299 -874 954 439 -805 209 -878 908 -543 159 -264 -205 -405 266 74 -339 -70 790 -886 -795 940 -916 -561 -175 -786 -930 -885 47 -847 -557 989 340 -139 998 417 461 257 -113 276 408 734 -33 -246 443 -180 -925 -884 -273 -462 -773 987 58 -526 -938 912 854 982 835 952 988 377 822 -78 618 275 -862 -41
-359 744 -834 172 -145 -493 86 471 196 -660 -250 489 534 958 -550 6 -65 -402 -580 -613 -371 607 -78 -151 546 -212 -347 -623 308 120 177 -961 3 870 619 644 521 -931 -895 -897 -995 511 -330 202 710 592 -354 -318 420 441 -951 641 -105 -547 429 956 276 -956 220 -670
407 240 381 289 -538 601 422 186 130 -145 777 839 739 -669 287 566 -381 -304 215 109 -716 367 32 -286 -536 -639 588 555 -119 579 -798 988 584 -756 -867 912 -938 -228 -619 -349 708 657 495 419 162 -205 -966 55 -294 146 517 -564 256 -911 -602 -990 829 905
-985 -336 634 370 -663 169 302 6 575 -754 532 771 -290 -472 -904 -209 -871 874 -220 685 843 472 301 -49 -176 236 647 280 126 356 -757 -555 640 -331 -368 646 622 807 -997 -388 -732 -980 966 626 186 690 -941 -142 180 346 -212 120 -715 -352 166 -568 283 513 453 -716
86 -716 -128 -462 873 260 -878 -51 737 -953 -29 -521 -490 -258 -96 791 -939 405 235 -281 811 -134 -477 -615 -239 255 -55 498 469 514 779 -317 -578 -301 -213 -231 840 -712 -747 -552 -52
964 400 593 757 -205 656 418 445 -156 -888 785 -382 256 99 -677 -28 204 -236 822 780 92 -468 -884 162 964 -460 965 -495 -583 -774 804 -367 622 500 -672 -833 799 -895 -126 161 -297 789 405 -917 -980 996 -637 -286 784 391 -996 376 -543 793 -603 -738 -920 528 371 -285 -60 412 483
814 -382 -736 -540 -599 728 143 -881 52 -289 623 417 -998 -836 -620 695 821 -283 100 -876 -401 -728 -751 -477 -309 -458 613 -115 383 728 -571 -591 -92 -806 796 -166 458 553 179 -49 171 586 -317 63 -843 -305 -511 720 741 -351 547 -682 469 -121 186 -99 -720 -880 -538 783 -254 -948
476 355 336 683 765 963 959 -567 547 -545 310 309 -607 -32 -983 -523 730 279 -329 -124 -926 697 -351 52 628 986 553 -919 946 -545 414 -68 858 574 147 122 -931 347 390 -439 793 -388 175 -851 -576 -547 436 -726 547 -564 -891 -50 566 -936 -708 -132 474 -280 -979 182 360 136 -815 -41
89 890 965 -178 -439 346 297 292 -671 -176 655 -192 647 -233 148 919 -210 -340 993 -879 167 527 -409 241 -195 -398 692 -467 -530 92 -58 -457 -214 -247 724 331 187 450 -247 -681 519 -328 -1000 -734 -869 6 946
362 -181 651 -154 450 -912 -101 -364 -278 -274 387 -806 -488 168 94 -832 870 542 -868 -362 -351 -739 -129 -445 587 726 -94 -933 -988 142 -246 459 122 540 -210 894 63 751 -595 955 753 496 612 912 -840 420 -905 -641 -845 -20 774 146
-299 306 -925 -284 131 -670 1 -687 -984 -668 516 -421 77 526 -527 391 -380 331 174 -959 677 -850 203 -169 -672 -613 243 24 289 60 661 -490 556 -934 902 -984 -869 697 -335 -946 45 -530 221 782 148 -649 -931 495 -4 -89 -864 -70 584 464
-283 170 -934 -787 -407 -644 859 743 334 366 -864 -659 631 329 361 -412 109 -301 -323 -930 -67 609 -352 -108 476 763 -657 411 -66
716 479 -846 -434 -877 -311 -860 665 -102 -759 -462 295 675 929 -666 -8 338 942 -487 -783 373 -869 -931 228 218 173
450 -979 -654 -164 -500 -359 198 1 704 132 -237 -232 162 327 282 -728 652 -377 -562 -673 153 -302 831 -180 492 -395 -870 -530 -34 -178 645 762 -158 518 409 -904 -90 -406 -433 -180 11 -166 992 583 -919 -399 -472 843 923 -159 -549 710 735 -691 -253 909 -212 -481 -555
160 -753 -550 328 -813 236 678 380 -774 596 854 -936 889 -851 684 -779 -180 -720 -115 366 221 -653 690 652 676 23 684 -355 -462 113 888 118 659 878
-370 831 132 -346 -142 -179 -724 701 -386 616 801 -128 891 -213 -194 186 889 609 750 -738 1 981 -951 181 226 -132 -966 354 -992 228 -607 273 736 54 -213 873 626 -198 -428 -194 491 -745 545 -210 -280 -263 349 804 -391 441 -944 689 -269 -536 -326 904 -306 22 -931 -784 -760
645 -33 163 358 617 -655 -106 -344 187 -671 -707 -848 783 558 884 -860 524 142 -933 -783 462 -579 -659 475 276 -739 881 -561 628 234 156 345 -909 -795 494 715 92 -25 -765 435 -432 -685 -512 692 -625 -757 558 -458 -189 -399 455 -509 -340 805 -515 623 -935 148 -483 -763 -582 -814
-444 -755 -78 907 -735 572 608 536 271 14 152 167 -577 383 -541 -565 107 688 -92 553 -826 515 264 273 944 -616 -58 358 765 -543 765 242 -106 881 -250 902 795 452 -101 -961 -852 686 796 -150 -203 -637 -494 -484 905 -117
-937 -993 607 826 -66 -503 -920 948 -227 -614 -637 716 -177 -365 -279 -700 849 -962 240 -247 281 852 -915 229 768 178 154
-524 -43 181 -286 261 -198 -655 90 -706 622 -361 881 219 -356 486 -881 60 930 -550 837 901 -391 -904 -816 27
14 -732 -467 -279 184 -747 589 -518 -812 -341 473 326 220 -723 -920 107 -430 -616 -628 561 251 -723 -113 -803 568 -965 282 -181 -238 -147 -723 751 446 -152 -812 -530 -955 -848 -544 -861 789 -176 -856 -87 -171 -549 -142 -437 417 -679 702 516 -50 -327 -290 385 758 -466 -135
643 -66 415 647 112 710 -489 309 -895 -444 -410 -665 330 -202 -860 -477 -716 -210 -425 975 -84 -95 181 -92 82 407 -525 -938 933 -723 -154 -858 -988 -36 -208 -636 536 49 875 -351 786 -904 567 -230 512 -264 56 586
-128 8 642 13 -320 347 -668 -191 -427 909 414 -19 875 -648 -300 325 -322 925 858 820 268 23 -824 -126 -377 -294 420 -571 -711 82 934 554 -989 -458 525 608 341 -826 -450 947 217 31 -45
464 508 -50 289 711 -308 309 402 -883 -91 -974 225 65 178 -986 -121 285 -419 696 495 -33 -228 -526 -576 -271 -732 -278 -502 288 796 -73 -118 883 -320
-962 836 -879 954 -814 -866 644 629 -785 -748 -891 569 313 -537 285 -68 708 362 302 592 78 733 -825 328 -830 613 118
-530 353 -846 615 160 -175 -402 -118 -129 690 -866 -406 499 -76 240 -701 -255 21 -769 823 306 -202 939 -462 -9 77 210 531 41 895 -123 -306 637 8 -122 -234 -649 505 721 -301 529 -106 888 -301 585
-679 742 878 -159 -151 -640 -179 575 -162 215 512 -835 -971 -76 60 624 -954 27 83 367 -7 -720 -349 -168 408 -624 -379 -439 -84 99 -15 442 -241 -823 -979 693 119 976 129 -570 99 -34 -299 -12 -527 144 -514 -54 -606 230 129 657 -671 -553 943 -310 -394 748 -726 639 129 957 524 886 383 710 -466 -420
-661 -799 552 -983 473 618 49 -766 5 883 -998 -239 -155 344 705 158 696 -748 -29 -290 178 -670 -177 -422 450
240 -516 -14 -139 30 -1000 -681 33 -380 -177 -421 171 417 -421 34 -742 15 -962 -483 678 801 -176 903 823 42 232 64 -731 -804 -376 398 404 302 -189 986 84 -236 -579 6 757 -752 524 274 -39 150 -523 -912 -663 -510 -348 382 -955 -547 386 -509 -596 -302 -741 461 518 -995
615 903 39 -696 -204 627 -412 559 759 925 -859 349 3 -356 -576 -232 459 930 -70 472 777 412 -555 348 -793 -182 941 -447 -265 165 -172 -965
-468 -931 -559 202 123 -870 114 -269 65 -156 302 -338 253 356 413 -103 -363 25 -352 -361 -829 104 -909 -574 14 814 -91 817 618 999 -41 -984 236 -186 108 745 777 181 268 670 933 -640 712 -727 279 31 -644 -524 302 -456 90 -389 -866 -716 -479 -384
-657 -569 807 22 664 304 -247 -594 14 -205 -992 11 -159 -77 -67 -619 128 -260 328 -753 512 19 988 -855 642 149
-184 39 -862 218 -34 -235 -739 -722 -286 999 -566 216 789 -694 -828 -583 161 980 -874 726 -25 -459 -558 -186 525 575 -822 -9 -696 -911 -258 199 696 -745 -76 -905 800 -609 188 -651 -857 -450 -686 496 75 661 804 469 -948 -268 -546 845 875 -587 -330 493 -115
-364 679 -525 -298 294 277 360 481 534 -730 524 812 -65 354 -504 -207 -206 799 -527 956 -672 -52 -138 598 -372 -562 -39 -376 462 -322 -263 911 -522 416 144 -922 -517 -342 -632 310 132 -369 351 430 -281 -758 193 -754 372 -694 179
494 929 -924 -6 630 -625 189 -537 220 -106 84 -488 -514 -97 -348 376 242 -943 139 219 -37 -740 -119 -428 -979 83 303 186 768 -635 -756 462 462 774 -775 10 431 77 -776 -167 125 833 715 -579 -541 519 -413 962 14 393 -972 -184 -174 -126 160 -313 -133 71
712 -231 474 -332 -595 779 288 420 -446 539 -751 -927 946 -787 -941 505 -990 737 -249 41 268 291 360 982 697 -289 -157 716 -361 20 484 528 -905 192 796 -250 -565 -956 234 620 -628 -885 866 -931 561 -119 -470 209 -897 -373 -662 334 -640 -932 202 185 -626 -188 395 -415 866 67 -207
998 310 -131 -959 -801 134 -427 -630 -932 557 -707 810 701 616 724 57 723 -230 19 -54 996 890 -821 292 -399 -347 544 -647 -961 262 -936 -163 -400 -168 21 161
566 -391 -512 -413 266 668 -986 -18 272 -997 815 -711 108 355 488 415 202 149 125 -552 770 -947 -833 -646 -563 753 114 -405 417 478 733 -391 -25 -864 -287 -847 -391 401 538 664 -311 -68 -418 17 646
4 -448 -915 -934 801 -399 708 111 981 724 319 -722 -205 -653 435 -329 -816 171 -914 -311 489 -843 -338 -350 -795 -924
402 985 -832 741 272 -693 43 576 -158 -734 -297 698 -294 57 -310 -511 681 597 233 -824 821 619 -221 925 -753 624 -884 327 -923 -636 596 -405 -380 813 339 355 415 377 172 923 890 -257 -136 -236 224 2 485 -780 297 975 -386 592 -594 982 -682 319 -936 652 -559 105 457 -725 -767 -919 -365 384 148 -827
-425 319 -601 70 839 -260 874 394 425 981 850 619 2 -217 -256 253 -990 -548 -977 -196 738 612 470 888 -222 274 -930 -884 -674 -539 -976 -316 -447 376 59 -105 -323 164 -218 148 -415 -565 487 526 514 880 40 761 62 83 -979 901 11 -671 -198 -892 -362 -878 834 -983 245 819 -664 335 938 751 -927 -651 -786 124
-426 -65 -762 -84 -661 -3 659 348 -703 49 926 -720 143 -917 251 847 -409 -760 -691 4 -515 -276 274 -561 -902 610 -511 -572 -858 767 -507 734 -982 417 76 -695 -963 358 -489 613 -255 -479 -627 -631 749 -943 187 709 800 988 297 -93 -733 -974 957 131 -167 49 343 -266
-918 -617 552 213 -512 -166 -367 -462 -644 932 77 -224 -581 874 -46 355 779 705 -288 507 -755 -172 416 327 259 832 696 -695 -766 -435 77 380 940 -973 525 -887 -186 -741 -126 687 -352 919 695 494 139 707
-450 565 597 -73 -74 -411 339 -776 -66 -249 419 501 -287 894 -986 -87 950 -534 -525 67 -90 745 -639 155 -814 447 719 -840 -658 -704 7 256 705 -354 135 870 -339 -690 424 292 -629 -540 910 503 415 212 666 -962 -978 518 401 -548 709 161 320 -977 263 492 -921 -495 228 -89 990 838 809 -863 -329 672 -77 -783 -457 -284 -132
839 638 979 -995 569 -392 608 -594 -548 554 -361 524 -40 715 -764 476 -275 749 816 -413 -896 -319 517 686 -802 -24 530 62 -663 173 -162 -916 812 -472 -465 515 -578 -601 -652 -853 5 158 223 81 577 583 58 -845 -489 112 -444 -180 538 -763 -75 677 -604 410
-269 302 347 -955 -598 248 222 420 736 856 -98 -722 -703 784 557 261 -584 787 -952 316 -856 -442 -580 -237 84 -590 -695 670 -777 -3 155 -338 -658 516 839 52 750 -132 -195 -306 -783 -897 258 -494 346 621 -539 -588 531 20 906 710 87 -966 281 -850 409 -867 -461 -711 -307 -301 -743 514 -548 -841 66 263 549 73
-757 -716 202 105 577 -806 -887 -503 -15 687 784 -144 398 -241 -271 -753 224 859 -757 -238 -183 -302 -805 -246 -243 -6 268 -622 734 -340 216 -43 252 632 -323 -726 -51 468 -577 -569 913 -637 -393 986 421 -17 425 -609 386 -568 175 193 -837 -256 576 19 172 -524 -964 -224 463 882 193 439 -107 -793 700 1 838 351 853 853 -891
78 663 -983 -36 -195 -844 -570 321 -29 411 -108 200 862 848 554 586 -106 -483 -891 113 -398 -646 688 -229 635 -930 -94 425 829
111 426 316 -476 -4 -900 484 181 -50 692 -12 842 -814 995 326 35 -916 -277 440 -187 -126 576 591 -647 -850 968 947 796 88 -453 186 547 -219 -382 946 -887 -435 -826 19 -201 545 -539 -928 -464 448 12 -505 -56 189 -103 -432 -880 619 153 36 613 865 756 -936 -421 -441
920 37 677 879 -978 -347 186 280 711 143 -846 -949 368 -872 -467 104 307 -619 -294 52 -210 -818 926 -267 -144 -405 276 282
574 -75 673 505 -395 -870 258 294 839 -163 -49 -385 -990 -951 535 -184 -125 -883 917 -763 342 -160 566 999 -609 -423 -496 -779 673 -799 -77 -402 419 -110 -950 252 719 -568 332 405 -979 8 -789 -339 34 -954 771 -503 426 448 -198 -499 408 595 -722 -164 412 18 -743 -206 23
820 604 924 -403 -978 -844 -509 684 -209 256 -544 -81 -974 596 559 -639 -863 389 810 -868 -822 420 345 -220 167 501 860 322 534 410 -785 -595 835 -108 -922 -850 -913 300 349 -598 843 159 -126 -369 164 -152 88 -382 -718 281 -596 -529 -228 316 -902 92