213 -683 N/A 583 653 N/A -271 N/A 256 -492 -707 -693 678 -540 -166 -782 -816 -892 N/A -583 -791 N/A 322 47 -105 786 849 N/A 333 949 N/A -39 N/A -442 450 -674 N/A 367 -202 20 N/A 567 589 518 -531 N/A 452 -295 -194 N/A 955 113 -722 -153 N/A 232 -188 N/A -929 -355 -835 119 744 -658 N/A 708 351 N/A -606 N/A -72 N/A -64 519 -425
-686 N/A -800 N/A 738 -438 -141 -897 342 N/A -152 -381 236 360 N/A 96 140 N/A 24 -374 -689 N/A -995 472 1 N/A -637 -560 77
66 611 -247 N/A 468 -174 599 74 N/A 88 851 953 N/A -427 N/A 967 -32 -537 N/A 629 N/A -69 900 84 N/A 551 56 996 279 -828 -45 N/A 20 665 -968 -552 N/A 677 N/A -333 -976 N/A 730 N/A 868 -768 -187 N/A -415 N/A -436 641 232 -911 735 691 655 599 N/A -826
-383 N/A 79 -300 283 87 N/A 570 -540 -187 -607 319 807 -985 525 611 236 N/A -298 500 N/A 570 N/A -982 N/A -886
985 -445 -120 N/A -723 766 N/A 503 N/A -377 937 N/A 952 N/A 902 196 -2 -683 275 -288 302 N/A -745 -930 -102 N/A -664 844 -398 -930 N/A 76 -775 224 -971
-387 N/A -221 610 322 -848 964 778 N/A -449 -107 N/A -400 -13 -995 833 N/A 20 608 N/A 686 N/A 966 N/A -755 N/A 486 -777 -467 641 244 N/A 581 48 N/A -86 -71 -939 N/A -533 N/A 483 -48 458 794 N/A 211 31 670 -859 -695 110 655 837 N/A -91 -223 679 N/A 374 -495 32 -315 -54 N/A -544 N/A -368
861 355 -874 -463 91 N/A -24 -439 N/A -596 -61 N/A -9 N/A 247 N/A -235 -882 N/A -594 N/A 708 N/A 142 813 929 N/A 710 883 457 N/A -572 864 26 733 N/A 457 -829 -7 -864 N/A 476 198 187 -772 -692 670 -336 N/A 660 872 637 108 91 N/A 779
459 N/A 406 279 N/A -768 -182 -513 515 -22 -728 -83 -448 828 N/A 367 N/A -453 N/A 468 -289 -821 N/A 481 N/A 199 970 N/A 126 44 N/A 700 -414 -343 -689 -558 -805 -951 N/A 404 -122 -266 -138
-177 N/A 759 752 N/A 299 283 587 N/A -981 -669 -773 -901 -860 N/A -565 387 811 N/A -2 72 -525 N/A -211 N/A 970 -824 -598 -795 -114 N/A -966 -502 N/A -810 N/A -39 -875 -198 N/A -53 N/A -630 894 N/A -629 529 -958 884 720 453 -346 -81 328 -727 209 N/A 316
-243 935 N/A -753 N/A 128 3 N/A -57 N/A -341 N/A 110 947 -505 -520 -315 533 N/A 126 -848 N/A -371 209 N/A -761 N/A 113 -393 -597 -568 -63 125 N/A 279 925 903 309 -999 N/A 468 197 318 259 N/A 362 6 N/A 148 -795 -592 -401 420 129 N/A -457 N/A -135 -579 N/A 918 -14 -679 12 -57 -457
278 -165 -551 N/A -963 N/A 381 -145 -200 N/A -196 N/A 124 -640 N/A 364 -951 -833 291 -858 -681 -177 N/A -505 N/A -821 -71 -77
-349 -604 138 518 N/A -223 N/A 405 -570 26 504 N/A -860 975 -175 -350 N/A -561 -120 555 -811 519 N/A -100 N/A -499 N/A 800
309 951 -593 N/A -917 -364 -14 N/A 288 N/A 297 361 -383 -464 707 -968 564 N/A 248 -163 -786 819 N/A 471 N/A 426 N/A 721 -62 N/A -531 458 N/A 655 598 391 -778 N/A -237 -718 433
-808 N/A 452 -567 -557 N/A 110 561 N/A -178 N/A -821 -599 N/A 769 N/A 193 N/A 891 -914 280 322 -836 189 -58 512 516 406 -672 274 N/A -881 -901 901 N/A -20 -456 N/A 642 N/A -37 -220 -322 -706 -4
-199 N/A 656 706 N/A 90 768 345 -739 33 -457 N/A 881 N/A 394 912 995 N/A -27 N/A 656 N/A 442 -158 712 835 96 290
-402 -37 N/A 888 N/A 499 148 122 533 -94 -407 N/A -565 N/A 221 796 452 -272 381 893 -805 910 983 487 70 -373 -612 -284 -882 N/A 217 897 N/A -948 -571 -923 N/A -473 N/A -539 N/A 224 N/A 403 500 997 N/A -491 N/A -240 -906 268 330 -811 N/A 815 N/A 488 879
-32 N/A -581 -436 559 392 -480 N/A -368 826 -544 -724 205 N/A -387 930 488 N/A -985 -978 N/A -35 N/A 534 622 673 -71 N/A -77 -386 N/A -351 N/A -991 731 926 N/A 870 -317 817 N/A -324 -490 -769 -797 223 N/A -122 758 -3 -652 N/A 406
-972 N/A -36 948 -46 N/A -790 136 559 -714 430 N/A -159 N/A -277 -537 942 -203 -518 285 -944 N/A -86 -492 N/A 894 -791 -234 N/A 915 861 -644 -44 N/A 984 N/A -656 -453 -144
-614 662 N/A -425 -2 N/A -839 -175 447 358 -576 -157 -936 -834 508 609 N/A 153 -157 N/A -807 -74 N/A -151 N/A 498 483 N/A -573 -512 826 4 -334 -4 N/A -864 37 N/A 839 -680 121 -870 632 -968 -504 542 507 -522 543 N/A -774 574 N/A 365 N/A 757 699 N/A -127 725 N/A -402 -723 N/A 968 -679 N/A -482 -638 N/A 651 442 75 N/A -880
-711 -354 -404 281 684 271 332 559 483 628 N/A -794 -404 -559 N/A -156 910 N/A 786 N/A 817 -343 773 325 -54 -640 N/A -775 312 N/A -36 458 N/A 362 N/A 322 464 N/A -924 -570 175 538 722 N/A 108 N/A 951
609 752 208 -476 28 471 519 -131 N/A -407 153 -101 N/A 636 N/A -853 97 254 N/A 508 -98 N/A 158 N/A 786 506 N/A 533 -798 N/A -849 383 -24 -276 988
809 273 -309 -853 N/A -173 27 -85 -661 N/A 864 -728 570 N/A -815 -397 N/A -946 6 -216 -526 N/A -606 14 N/A -23 617 N/A -272 409 -743 -931 N/A -91 N/A -302 -35 605 431 -45 N/A -745 -960
-463 -10 N/A 35 791 649 N/A 35 -22 320 N/A -86 N/A 111 -459 -781 -77 -727 -407 N/A 642 937 N/A 78 559 N/A -281 -660 N/A 868 -795 N/A 434 -737 -261 57 N/A 353 -231 N/A 970 540 N/A 429 -9 -346 874 -419 N/A -597 -494 -54 459 805 N/A -488 N/A 890 919 736
738 675 N/A -257 -78 -915 451 N/A 410 N/A -100 957 133 N/A -726 92 -833 389 895 N/A -980 -170 N/A -904 N/A -12 473 N/A 247 -432 527 N/A 339 448 N/A 780 -810 N/A 82 178 N/A -359 219 613 -697 N/A -75 95 N/A -615 -157 N/A 967 -440 742 N/A 120 322 -800 585 -868 -22 N/A 942 -543 -550 743 287 399 N/A -935 812 -360
-149 532 690 N/A 826 481 N/A -350 N/A -256 -784 -937 -516 78 -937 497 72 -876 N/A 145 797 -495 19 N/A -967 39 -824 N/A 280 -158 N/A -696 N/A -941 N/A 383 136 -731 N/A -632 N/A 995 -574 107 173 750 N/A -842 -230 -557 N/A 37 N/A 397 -208 -696
-62 859 N/A 29 N/A -934 208 773 N/A -235 N/A -369 399 928 -701 N/A -245 -454 338 108 647 N/A 213 871 865
-653 446 680 -784 -593 857 N/A 223 N/A -295 598 -35 N/A -855 N/A 154 -154 558 N/A -207 471 -604 233 490 831 189 N/A 612 -86 N/A -491 -205 N/A -972
-27 850 N/A -229 -690 N/A 927 N/A -979 -86 237 N/A 473 -11 N/A -542 552 2 219 N/A 230 -724 -883 724 -474 N/A 789 282 N/A -397 556 -781 -925
-999 127 N/A 983 -447 328 N/A 975 -642 193 304 N/A -333 -615 54 -211 N/A 230 640 760 343 N/A -742 -182 889 N/A 877 N/A 914 N/A 908 -927
-340 N/A 548 -806 -768 826 -73 N/A 296 N/A -34 923 N/A -309 37 269 -596 -710 N/A 435 -725 N/A 798 367 N/A 736 N/A -378 -875 -627 507 827 139 N/A 259 870 131 794 100 N/A -729 N/A -653 N/A 920 -47 962 -975 -120 -633 -837 N/A -142 957 N/A -173 624 -702 N/A 781
-617 834 877 680 -78 -284 N/A 908 -65 N/A 629 -731 N/A 103 -636 254 -635 N/A 741 N/A 417 -816 641 -493 N/A 917 N/A 40 -419 -857 N/A -670 -100 -472 N/A -95 950 N/A -907 -739 361 -60 N/A 728 375 N/A -142 26 -206 N/A -184 -993 N/A -90 725 -359 N/A -765 -538 -200 -177 N/A -798 -204 -439 N/A 867 -21 686 -929
-197 N/A 413 -811 -849 -298 N/A 880 -587 N/A -560 333 153 -269 -581 -723 N/A 482 127 -432 -475 67 N/A 476 N/A 978 N/A 283 912 902 -543 N/A 488 N/A 440 N/A -976 N/A 8 -560 N/A -40 N/A -354 -584 184 -190 39 -499 N/A 325 -185 N/A 879 -159 878 -528 -865 N/A -950 -238 263 -991 99 311 789 N/A -824 682 -796 -851 N/A -811 -351 -452
973 -165 -546 178 N/A 318 -464 324 -4 N/A 280 N/A -564 -551 858 265 N/A 553 N/A -96 919 -333 N/A 456 N/A 278 194 -244 -33 -280 -720 136 -424 N/A -181 908 N/A -490 -753 N/A 912 N/A 718 198 748 854
88 547 -680 N/A 683 -346 N/A 645 N/A 162 124 -34 -550 -969 -508 -544 8 520 N/A -52 700 N/A -226 N/A 192 -365 N/A -596 -471 -760 -643 918 870 N/A 301 N/A -349 698 N/A 150 N/A -957 746 -986 N/A 217 607 19 218 N/A -331 -520 296 -753 -584
-346 -982 N/A 541 N/A -725 887 217 329 685 -689 -314 919 401 334 -758 829 -499 N/A -545 -537 N/A 941 -201 N/A -12 -234 367 841 N/A 591 -574 N/A 467 N/A -787 650 N/A -417 -879 188 -661 N/A -862 N/A -909 N/A 471 N/A -576 -360 N/A -40 -221 -307 -572 -749 275
-408 -483 -929 N/A 523 N/A 682 582 -879 -950 -33 N/A -989 N/A 612 N/A 77 958 -952 709 118 N/A -758 -326 -384 -993 661 -452 N/A -956 -933
-566 -154 230 523 391 N/A 938 973 N/A 619 N/A 268 N/A -102 N/A -197 -175 N/A 929 N/A -796 -694 -742 N/A 410 N/A -224 156 -690 -678 213 -13 583 803 947 109 -466 N/A -73 17 -6 -463 644 240 N/A -630 749 56 -847 N/A -162
-114 917 608 N/A 885 -595 835 138 N/A -52 N/A -527 179 417 616 N/A 799 841 16 683 -618 -406 N/A -531 -931 N/A 825 N/A -315 -875 N/A -431 -304 N/A 509 38 48 N/A -835 926 N/A 455 289 190 135 -893 N/A -874 N/A 351 -428 -533 -325
-909 -717 -480 568 -102 N/A -547 50 -809 -977 105 -396 -793 305 N/A 746 418 -607 N/A -986 -733 N/A -354 -685 -523 N/A -399 750 860 N/A -178 N/A -735 N/A -215
-719 -937 N/A -33 N/A 533 -669 N/A 801 N/A -755 86 803 -457 -97 94 458 -817 962 N/A 910 677 N/A 184 N/A -599 803 -759 N/A 298 -906 N/A -237 28 -759 392 857 N/A 777 -456 N/A -688 -274 N/A -983 530 308 N/A -521 N/A 246 -106 642 -689 -31 586 102 -657 -567 -908 N/A -807 N/A 980 474 N/A -604 -391 -367 -270 N/A -843 -514
-635 -655 N/A -287 -504 3 N/A 541 -78 -894 N/A 814 N/A 649 316 N/A 444 N/A -872 N/A 955 774 583 -20 24 400 847 101 415 -465 129 -268 392 N/A -576 N/A 471 N/A 290 -18 -593 32 N/A 464 -938 -292 -453 -626 -380 540 880 126 N/A 654 -385 N/A 692 N/A 291
-767 -38 922 110 944 778 257 N/A 961 N/A -1000 N/A -400 -640 -246 -239 N/A 833 N/A -708 -591 N/A 274 N/A 763 -988 -255 871
-411 -375 -283 N/A 649 N/A 727 -735 -473 943 -866 -689 -761 N/A 788 -808 N/A 506 -382 395 47 -205 -895 492 N/A 719 622 869 -60 475 971 560 N/A -71 N/A 296 N/A 166 -801 N/A -830 N/A 949 N/A 936 N/A -616 -134 -925 153 N/A -468 N/A 2 3 758 -701 N/A -737 -153 304 848 N/A 164 -702 N/A -799 -725 -808 473 N/A 121 -316 -330
-714 621 -15 N/A -965 N/A 577 N/A 275 -60 -500 -975 N/A 907 N/A 165 N/A 61 N/A 107 -787 N/A -613 -309 744 386 -305 -69 -406 -511 N/A 797 -944 576 111 N/A -943 736 -87 209 -287 407 N/A 166 457 N/A 715 N/A 933 181 44 638 -546 403
568 N/A 388 847 -190 506 -981 N/A -409 351 651 -284 569 N/A -97 277 -851 N/A -790 -288 -892 -402 238 -604 N/A 153 -289 328 654 N/A 946 -480 N/A -727 N/A -389 -658 -506 N/A 728 N/A -203 159
490 -171 -743 -515 N/A -834 N/A -183 -884 -735 714 841 174 -770 N/A 868 -791 358 N/A -83 -390 797 N/A -806 N/A -43 N/A 407 N/A 735 295 -642 N/A -356 466 -451
60 147 -577 N/A -675 -214 -667 303 N/A 986 -654 -402 430 N/A 595 -663 -218 780 N/A 433 316 -345 945 698 -132 813 N/A 62 N/A 470 420 N/A 620 N/A -135
280 418 N/A -867 N/A 623 N/A 475 -26 N/A 133 N/A -84 881 -669 N/A 536 N/A -943 -360 387 -447 -671 449 -364 -145 318 990
-505 N/A -448 N/A 778 146 -87 129 -406 -496 N/A -162 805 -588 700 586 -213 -957 N/A -756 N/A 478 -183 13 -876 617 412 N/A -572 N/A 321 998 593 N/A 706 N/A -944 473 N/A -662 N/A 35 N/A -123 N/A -558 -762 -571 N/A 979 -922 608 N/A 770 301 -254 509 -116 -804 -334 N/A 530 -336 -529 -219 -48
711 909 -162 939 -977 140 -586 -84 N/A -441 -876 889 476 N/A -723 700 N/A 863 528 N/A -628 165 -478 -695 N/A 483 543 -139 -806 352 N/A -897 N/A -504 N/A -526 428 N/A 385 558 N/A 97 N/A -548 N/A -593 -263 850 526 787 -854 N/A 768 287 547
-575 104 N/A -411 887 908 N/A 164 -153 -751 975 -331 765 N/A -89 -598 -777 203 -303 N/A -241 -644 -306 -290 N/A -430 997 N/A 857 N/A 288 N/A 763 -781 N/A -565 708 N/A -879 863 -40 -656 533 N/A 182 -127 N/A 481 -136 -762 163 -684 N/A -333 408 -52 -957 N/A 171 -849 N/A 896 N/A 608 186 -822 N/A 283
404 922 -15 N/A 111 N/A 417 -918 -437 -800 977 -675 497 441 N/A -372 -668 351 N/A -448 N/A -566 N/A 966 -827 -947 N/A -297 -307 913 1 N/A -865 24 -499 396 581 N/A -822 816 N/A -517 579 N/A -93