-386.0
-494.03225806451616
-399.55555555555554
-509.7142857142857
-465.875
-573.5416666666666
-579.1818181818181
-531.1351351351351
-534.9230769230769
-528.8636363636364
-536.9166666666666
-549.375
-506.05882352941177
-536.483870967742
-510.4594594594595
-521.4333333333333
-559.1666666666666
-543.8148148148148
-408.3333333333333
-546.3666666666667
-516.8378378378378
-545.7666666666667
-423.0
-503.74074074074076
-600.1071428571429
-487.125
-599.6428571428571
-428.0285714285714
-610.8461538461538
-463.9375
-587.3529411764706
-442.82608695652175
-569.4666666666667
-513.1538461538462
-504.325
-462.32142857142856
-434.7
-394.1578947368421
-745.9090909090909
-351.6521739130435
-426.7567567567568
-533.6153846153846
-527.8484848484849
-452.26666666666665
-507.4642857142857
-465.6923076923077
-522.9714285714285
-429.0357142857143
-463.2758620689655
-571.1290322580645
-539.6111111111111
-526.1818181818181
-618.5
-567.4666666666667
-578.030303030303
-564.7058823529412
-496.04545454545456
-505.6756756756757
-523.6206896551724
-571.8333333333334
-460.1025641025641
-436.1333333333333
-478.9
-555.0769230769231
-508.88235294117646
-576.7931034482758

-351.6521739130435
-745.9090909090909
