-97.3
-333.2
126.0
525.0
201.6
381.1818181818182
146.36363636363637
-171.11111111111111
-749.0
39.45454545454545
-185.5
117.6
194.0
-52.0
0
-115.0
43.75
-359.0
150.11111111111111
103.83333333333333
-147.0
-287.0
332.5
8.909090909090908
24.11111111111111
77.0
-23.333333333333332
0
77.0
170.33333333333334
302.4
-175.0
192.0
406.0
-194.25
-414.4
53.45454545454545
-141.75
-343.0
404.0
-107.0
376.25
-140.0
-446.25
267.1666666666667
82.44444444444444
474.6
117.6
-21.0
134.27272727272728
103.83333333333333
407.4
